00337
00378
00383
00384
00416
00421
00426
00581
00597
00624
00628
00629
00633
00634
00638
00664
00668
00690
00691
00693
00849
00867
00869
00870
00892
00949
00962
01012
01073
01077
01079
01100
01101
01106
01149
01208
01217
01228
01244
01252
01267
01269
01323
01327
01375
01377
01381
01391
01393
01394
01396
01419
01423
01436
01437
01473
01477
01558
01583
01599
01610
01614
01621
01643
01645
01721
01726
01730
01805
01832
01838
01877
01925
01990
01998
02008
02009
02011
02046
02047
02051
02104
02161
02173
02233
02236
02237
02276
02349
02350
02430
02435
02475
02478
02483
02487
02492
02520
02521
02540
02541
02542
02546
02556
02559
02560
02565
02569
02615
02616
02622
02624
02643
02645
02652
02698
02715
02716
02717
02826
02827
02830
02869
02878
02915
02941
02952
02961
02968
02969
02970
02975
03002
03006
03055
03060
03068
03124
03125
03127
03156
03159
03203
03205
03243
03244
03270
03282
03320
03362
03366
03378
03419
03420
03430
03448
03450
03489
03493
03515
03638
03641
03762
03765
03766
03802
04000
04003
04015
04016
04047
04049
04051
04052
04065
04066
04067
04075
04103
04115
04118
04120
04129
04134
04139
04157
04163
04198
04203
04205
04221
04223
04294
04303
