00333
00337
00339
00341
00374
00376
00377
00378
00415
00416
00423
00424
00583
00584
00585
00587
00597
00598
00600
00601
00618
00629
00632
00634
00663
00664
00665
00666
00667
00689
00691
00693
00694
00847
00849
00850
00851
00867
00868
00869
00870
00886
00892
00893
00894
00944
00947
00950
00951
00962
00963
00972
00973
01011
01012
01018
01024
01073
01074
01078
01079
01100
01102
01103
01107
01149
01157
01160
01161
01207
01209
01214
01217
01227
01229
01230
01231
01244
01245
01248
01251
01263
01265
01266
01269
01318
01320
01325
01327
01373
01374
01377
01379
01383
01391
01392
01397
01419
01421
01422
01426
01433
01436
01437
01438
01472
01473
01477
01479
01551
01552
01554
01555
01583
01584
01585
01586
01599
01601
01603
01605
01610
01611
01612
01613
01622
01625
01626
01627
01642
01643
01652
01653
01726
01727
01728
01733
01801
01802
01804
01805
01831
01833
01836
01837
01839
01874
01876
01878
01880
01924
01925
01926
01927
01986
01998
01999
02000
02009
02010
02011
02014
02045
02046
02051
02052
02102
02103
02105
02112
02159
02161
02165
02168
02175
02176
02178
02179
02180
02231
02232
02235
02237
02269
02273
02276
02284
02348
02351
02354
02356
02429
02430
02432
02434
02473
02478
02479
02482
02484
02487
02488
02491
02519
02520
02523
02524
02540
02543
02546
02548
02556
02560
02561
02562
02566
02569
02570
02572
02609
02610
02611
02614
02615
02618
02619
02622
02623
02625
02643
02645
02646
02652
02696
02700
02701
02705
02711
02713
02714
02717
02718
02826
02827
02828
02829
02863
02865
02867
02869
02875
02878
02879
02880
02910
02913
02915
02916
02951
02952
02956
02959
02969
02971
02973
02974
03001
03002
03005
03007
03057
03058
03059
03060
03067
03068
03069
03072
03117
03119
03127
03131
03150
03156
03158
03161
03201
03203
03204
03206
03238
03244
03245
03246
03270
03272
03277
03282
03311
03315
03318
03320
03362
03364
03366
03367
03377
03380
03385
03387
03417
03418
03420
03422
03450
03454
03455
03457
03490
03491
03493
03495
03514
03515
03517
03519
03625
03634
03637
03642
03752
03757
03758
03761
03765
03766
03768
03769
03771
03799
03800
03802
03804
04000
04001
04005
04007
04008
04011
04013
04017
04043
04044
04045
04048
04049
04052
04053
04055
04062
04066
04073
04075
04097
04099
04102
04105
04110
04120
04121
04123
04129
04130
04131
04134
04135
04138
04139
04140
04159
04160
04161
04163
04164
04184
04186
04187
04198
04202
04203
04204
04205
04216
04221
04222
04223
04289
04292
04294
04295
04300
04301
04302
04303
