00295
00333
00335
00336
00337
00338
00339
00340
00341
00374
00376
00377
00378
00381
00383
00384
00412
00414
00415
00416
00419
00421
00422
00423
00424
00425
00426
00581
00583
00584
00585
00586
00587
00592
00593
00594
00597
00598
00599
00600
00601
00602
00618
00623
00624
00625
00626
00627
00628
00629
00630
00631
00632
00633
00634
00635
00636
00638
00639
00662
00663
00664
00665
00666
00667
00668
00689
00690
00691
00693
00694
00846
00847
00849
00850
00851
00867
00868
00869
00870
00871
00872
00873
00874
00886
00890
00891
00892
00893
00894
00943
00944
00946
00947
00949
00950
00951
00962
00963
00964
00965
00966
00967
00972
00973
01011
01012
01016
01018
01020
01021
01024
01073
01074
01076
01077
01078
01079
01100
01101
01102
01103
01106
01107
01149
01157
01158
01159
01160
01161
01162
01207
01208
01209
01211
01212
01214
01215
01216
01217
01224
01226
01227
01228
01229
01230
01231
01242
01244
01245
01247
01248
01251
01252
01263
01264
01265
01266
01267
01268
01269
01318
01320
01321
01322
01323
01325
01327
01372
01373
01374
01375
01376
01377
01379
01381
01382
01383
01385
01386
01387
01388
01390
01391
01392
01393
01394
01395
01396
01397
01398
01418
01419
01420
01421
01422
01423
01426
01427
01428
01433
01434
01435
01436
01437
01438
01440
01442
01472
01473
01474
01475
01477
01478
01479
01551
01552
01553
01554
01555
01556
01557
01558
01560
01561
01562
01564
01583
01584
01585
01586
01587
01596
01598
01599
01601
01602
01603
01604
01605
01610
01611
01612
01613
01614
01615
01621
01622
01624
01625
01626
01627
01628
01642
01643
01644
01645
01646
01651
01652
01653
01721
01724
01726
01727
01728
01729
01730
01733
01734
01796
01801
01802
01803
01804
01805
01806
01808
01828
01831
01832
01833
01836
01837
01838
01839
01873
01874
01875
01876
01877
01878
01880
01912
01922
01924
01925
01926
01927
01986
01987
01988
01989
01990
01991
01992
01995
01996
01997
01998
01999
02000
02002
02008
02009
02010
02011
02012
02013
02014
02041
02045
02046
02047
02048
02050
02051
02052
02102
02103
02104
02105
02106
02107
02108
02110
02111
02112
02158
02159
02160
02161
02162
02163
02164
02165
02166
02168
02173
02174
02175
02176
02177
02178
02179
02180
02181
02227
02228
02229
02230
02231
02232
02233
02234
02235
02236
02237
02238
02269
02273
02275
02276
02284
02348
02349
02350
02351
02352
02353
02354
02355
02356
02429
02430
02432
02433
02434
02435
02473
02474
02475
02476
02477
02478
02479
02480
02482
02483
02484
02485
02487
02488
02490
02491
02492
02517
02518
02519
02520
02521
02522
02523
02524
02525
02539
02540
02541
02542
02543
02544
02545
02546
02547
02548
02556
02558
02559
02560
02561
02562
02564
02565
02566
02567
02569
02570
02572
02575
02607
02609
02610
02611
02612
02613
02614
02615
02616
02618
02619
02620
02621
02622
02623
02624
02625
02634
02643
02645
02646
02652
02653
02696
02697
02698
02699
02700
02701
02702
02705
02706
02707
02710
02711
02712
02713
02714
02715
02716
02717
02718
02818
02826
02827
02828
02829
02830
02831
02833
02863
02864
02865
02866
02867
02869
02870
02871
02872
02873
02874
02875
02877
02878
02879
02880
02910
02911
02912
02913
02915
02916
02941
02951
02952
02953
02954
02955
02956
02959
02961
02968
02969
02970
02971
02972
02973
02974
02975
02997
02999
03000
03001
03002
03003
03005
03006
03007
03008
03053
03055
03056
03057
03058
03059
03060
03061
03063
03067
03068
03069
03070
03071
03072
03073
03074
03117
03118
03119
03120
03121
03122
03123
03124
03125
03126
03127
03128
03129
03130
03131
03150
03154
03155
03156
03157
03158
03159
03161
03199
03201
03202
03203
03204
03205
03206
03207
03234
03235
03237
03238
03239
03240
03243
03244
03245
03246
03266
03267
03268
03270
03272
03273
03274
03276
03277
03278
03280
03281
03282
03311
03315
03317
03318
03320
03360
03361
03362
03363
03364
03366
03367
03368
03377
03378
03380
03382
03385
03387
03389
03417
03418
03419
03420
03422
03423
03425
03426
03430
03448
03449
03450
03451
03452
03454
03455
03457
03489
03490
03491
03492
03493
03494
03495
03514
03515
03516
03517
03518
03519
03521
03522
03625
03634
03635
03637
03638
03640
03641
03642
03750
03752
03756
03757
03758
03760
03761
03762
03763
03765
03766
03768
03769
03771
03797
03799
03800
03802
03804
03805
04000
04001
04002
04003
04005
04007
04008
04011
04012
04013
04014
04015
04016
04017
04040
04041
04042
04043
04044
04045
04046
04047
04048
04049
04050
04051
04052
04053
04054
04055
04062
04064
04065
04066
04067
04072
04073
04075
04097
04099
04102
04103
04104
04105
04106
04110
04115
04117
04118
04119
04120
04121
04122
04123
04128
04129
04130
04131
04133
04134
04135
04136
04138
04139
04140
04157
04159
04160
04161
04163
04164
04183
04184
04186
04187
04188
04189
04190
04191
04193
04198
04202
04203
04204
04205
04216
04218
04219
04220
04221
04222
04223
04288
04289
04290
04292
04293
04294
04295
04296
04300
04301
04302
04303
04304
