00374
00376
00377
00378
00381
00383
00384
00581
00583
00584
00585
00586
00587
00592
00593
00594
00597
00598
00599
00600
00601
00602
00689
00690
00691
00693
00694
00846
00847
00849
00850
00851
00867
00868
00869
00870
00871
00872
00873
00874
00886
00890
00891
00892
00893
00894
00962
00963
00964
00965
00966
00967
00972
00973
01073
01074
01076
01077
01078
01079
01100
01101
01102
01103
01106
01107
01149
01157
01158
01159
01160
01161
01162
01207
01208
01209
01211
01212
01214
01215
01216
01217
01224
01226
01227
01228
01229
01230
01231
01242
01244
01245
01247
01248
01251
01252
01372
01373
01374
01375
01376
01377
01379
01381
01418
01419
01420
01421
01422
01423
01426
01427
01428
01472
01473
01474
01475
01477
01478
01479
01551
01552
01553
01554
01555
01556
01557
01558
01560
01561
01562
01564
01596
01598
01599
01601
01602
01603
01604
01605
01796
01801
01802
01803
01804
01805
01806
01808
01828
01831
01832
01833
01836
01837
01838
01839
01873
01874
01875
01876
01877
01878
01880
01912
01986
01987
01988
01989
01990
01991
01992
01995
01996
01997
01998
01999
02000
02002
02008
02009
02010
02011
02012
02013
02014
02158
02159
02160
02161
02162
02163
02164
02165
02166
02168
02173
02174
02175
02176
02177
02178
02179
02180
02181
02227
02228
02229
02230
02231
02232
02233
02234
02235
02236
02237
02238
02517
02518
02519
02520
02521
02522
02523
02524
02525
02556
02558
02559
02560
02561
02562
02696
02697
02698
02699
02700
02701
02702
02705
02706
02910
02911
02912
02913
02915
02916
02968
02969
02970
02971
02972
02973
02974
02975
02997
02999
03000
03001
03002
03003
03005
03006
03007
03008
03117
03118
03119
03120
03121
03122
03123
03124
03125
03126
03127
03128
03129
03130
03131
03199
03201
03202
03203
03204
03205
03206
03207
03234
03235
03237
03238
03239
03240
03243
03244
03245
03246
03266
03267
03268
03270
03272
03273
03274
03276
03277
03278
03280
03281
03282
03360
03361
03362
03363
03364
03366
03367
03368
03377
03378
03380
03382
03385
03387
03389
03625
03634
03635
03637
03638
03640
03641
03642
03750
03752
03756
03757
03758
03760
03761
03762
03763
03765
03766
03768
03769
03771
04000
04001
04002
04003
04005
04007
04040
04041
04042
04043
04044
04045
04046
04047
04048
04097
04099
04102
04103
04104
04105
04106
04110
04115
04117
04118
04119
04120
04121
04122
04123
04135
04136
04138
04139
04140
04157
04159
04160
04161
04163
04164
04216
04218
04219
04220
04221
04222
04223
04288
04289
04290
04292
04293
04294
04295
04296
