00592
00593
00594
00597
00598
00599
00600
00601
00602
00689
00690
00691
00693
00694
00846
00847
00849
00850
00851
00867
00868
00869
00870
00871
00872
00873
00874
00886
00890
00891
00892
00893
00894
00962
00963
00964
00965
00966
00967
00972
00973
01100
01101
01102
01103
01106
01107
01224
01226
01227
01228
01229
01230
01231
01242
01244
01245
01247
01248
01251
01252
01372
01373
01374
01375
01376
01377
01379
01381
01472
01473
01474
01475
01477
01478
01479
01873
01874
01875
01876
01877
01878
01880
01912
01986
01987
01988
01989
01990
01991
01992
01995
01996
01997
01998
01999
02000
02002
02517
02518
02519
02520
02521
02522
02523
02524
02525
02556
02558
02559
02560
02561
02562
02968
02969
02970
02971
02972
02973
02974
02975
03117
03118
03119
03120
03121
03122
03123
03124
03125
03126
03127
03128
03129
03130
03131
03234
03235
03237
03238
03239
03240
03243
03244
03245
03246
03360
03361
03362
03363
03364
03366
03367
03368
03625
03634
03635
03637
03638
03640
03641
03642
03750
03752
03756
03757
03758
03760
03761
03762
03763
03765
03766
03768
03769
03771
04135
04136
04138
04139
04140
04157
04159
04160
04161
04163
04164
04216
04218
04219
04220
04221
04222
04223
